date_jour,cp1,Dp1,HEURE_POINTE_1H,cp2,Dp2,HEURE_POINTE_2H,cp3,Dp3,HEURE_POINTE_3H,LENGTH
2023-01-01,97.81,0.02,2023-01-01 07:30:00,98.91,0.01,2023-01-01 06:45:00,99.27,0.01,2023-01-01 05:45:00,326
2023-01-02,69.65,0.36,2023-01-02 22:30:00,84.83,0.15,2023-01-02 21:30:00,89.88,0.09,2023-01-02 20:30:00,326
2023-01-03,95.56,0.04,2023-01-03 02:45:00,99.06,0.01,2023-01-03 17:15:00,99.0,0.01,2023-01-03 17:15:00,326
2023-01-04,98.26,0.01,2023-01-04 13:30:00,99.62,0.0,2023-01-04 17:15:00,101.49,-0.01,2023-01-04 16:45:00,326
2023-01-05,100.0,0.0,2023-01-05 15:15:00,101.72,-0.01,2023-01-05 15:00:00,102.4,-0.02,2023-01-05 15:00:00,326
2023-01-06,100.0,0.0,2023-01-06 02:30:00,103.65,-0.03,2023-01-06 01:45:00,106.52,-0.05,2023-01-06 08:00:00,326
2023-01-07,99.48,0.0,2023-01-07 19:15:00,100.0,0.0,2023-01-07 19:00:00,101.93,-0.02,2023-01-07 18:45:00,326
2023-01-08,90.97,0.08,2023-01-08 07:30:00,98.7,0.01,2023-01-08 06:30:00,99.13,0.01,2023-01-08 05:15:00,326
2023-01-09,101.11,-0.01,2023-01-09 17:00:00,102.47,-0.02,2023-01-09 12:00:00,103.39,-0.03,2023-01-09 12:00:00,326
2023-01-10,100.45,-0.0,2023-01-10 15:00:00,101.81,-0.01,2023-01-10 14:00:00,102.87,-0.02,2023-01-10 16:45:00,326
2023-01-11,96.74,0.03,2023-01-11 05:00:00,98.92,0.01,2023-01-11 05:00:00,99.49,0.0,2023-01-11 05:00:00,326
2023-01-12,96.42,0.03,2023-01-12 11:15:00,97.66,0.02,2023-01-12 06:45:00,98.75,0.01,2023-01-12 06:45:00,326
2023-01-13,97.85,0.02,2023-01-13 06:00:00,99.81,0.0,2023-01-13 05:45:00,100.66,-0.01,2023-01-13 04:45:00,326
2023-01-14,102.12,-0.02,2023-01-14 07:30:00,104.7,-0.04,2023-01-14 07:15:00,105.88,-0.05,2023-01-14 07:15:00,326
2023-01-15,96.88,0.03,2023-01-15 01:30:00,100.52,-0.0,2023-01-15 01:45:00,102.14,-0.02,2023-01-15 05:45:00,326
2023-01-16,93.02,0.06,2023-01-16 07:00:00,96.32,0.03,2023-01-16 06:00:00,97.71,0.02,2023-01-16 06:15:00,326
2023-01-17,98.37,0.01,2023-01-17 08:15:00,100.02,-0.0,2023-01-17 07:15:00,101.5,-0.01,2023-01-17 06:30:00,326
2023-01-18,98.23,0.02,2023-01-18 17:45:00,101.09,-0.01,2023-01-18 06:00:00,101.77,-0.01,2023-01-18 05:15:00,326
2023-01-19,100.59,-0.0,2023-01-19 07:30:00,101.58,-0.01,2023-01-19 06:30:00,101.49,-0.01,2023-01-19 05:30:00,326
2023-01-20,95.31,0.04,2023-01-20 11:00:00,98.75,0.01,2023-01-20 06:30:00,101.46,-0.01,2023-01-20 05:45:00,326
2023-01-21,104.79,-0.04,2023-01-21 09:00:00,105.89,-0.05,2023-01-21 08:15:00,107.45,-0.06,2023-01-21 08:15:00,326
2023-01-22,96.53,0.03,2023-01-22 02:30:00,98.26,0.01,2023-01-22 01:30:00,98.55,0.01,2023-01-22 00:30:00,326
2023-01-23,100.42,-0.0,2023-01-23 18:15:00,101.15,-0.01,2023-01-23 17:15:00,103.23,-0.03,2023-01-23 16:15:00,326
2023-01-24,103.89,-0.03,2023-01-24 12:00:00,104.29,-0.03,2023-01-24 11:45:00,104.68,-0.04,2023-01-24 11:00:00,326
2023-01-25,98.33,0.01,2023-01-25 17:45:00,101.82,-0.01,2023-01-25 17:45:00,102.42,-0.02,2023-01-25 15:30:00,326
2023-01-26,95.97,0.03,2023-01-26 18:00:00,99.79,0.0,2023-01-26 05:45:00,99.95,0.0,2023-01-26 05:45:00,326
2023-01-27,101.6,-0.01,2023-01-27 16:15:00,103.73,-0.03,2023-01-27 06:00:00,103.91,-0.03,2023-01-27 05:45:00,326
2023-01-28,98.09,0.02,2023-01-28 20:30:00,101.48,-0.01,2023-01-28 19:30:00,102.37,-0.02,2023-01-28 20:30:00,326
2023-01-29,91.32,0.08,2023-01-29 08:00:00,97.74,0.02,2023-01-29 07:15:00,99.25,0.01,2023-01-29 06:00:00,326
2023-01-30,102.12,-0.02,2023-01-30 18:00:00,102.48,-0.02,2023-01-30 16:30:00,103.78,-0.03,2023-01-30 15:30:00,326
2023-01-31,97.01,0.03,2023-01-31 17:45:00,100.52,-0.0,2023-01-31 05:45:00,101.69,-0.01,2023-01-31 05:15:00,326
2023-02-01,100.45,-0.0,2023-02-01 19:15:00,101.22,-0.01,2023-02-01 18:15:00,102.49,-0.02,2023-02-01 17:30:00,326
2023-02-02,98.26,0.01,2023-02-02 18:15:00,101.53,-0.01,2023-02-02 17:15:00,102.2,-0.02,2023-02-02 16:15:00,326
2023-02-03,100.9,-0.01,2023-02-03 17:30:00,103.4,-0.03,2023-02-03 16:30:00,104.05,-0.03,2023-02-03 05:00:00,326
2023-02-04,97.22,0.02,2023-02-04 23:00:00,102.27,-0.02,2023-02-04 05:45:00,103.72,-0.03,2023-02-04 04:45:00,326
2023-02-05,97.92,0.02,2023-02-05 06:00:00,98.96,0.01,2023-02-05 06:00:00,100.17,-0.0,2023-02-05 05:15:00,326
2023-02-06,101.04,-0.01,2023-02-06 07:45:00,102.05,-0.02,2023-02-06 06:30:00,103.56,-0.03,2023-02-06 06:15:00,326
2023-02-07,102.4,-0.02,2023-02-07 12:15:00,103.78,-0.03,2023-02-07 18:15:00,104.46,-0.04,2023-02-07 17:30:00,326
2023-02-08,102.81,-0.02,2023-02-08 06:30:00,103.44,-0.03,2023-02-08 05:45:00,104.59,-0.04,2023-02-08 05:45:00,326
2023-02-09,99.48,0.0,2023-02-09 16:15:00,102.9,-0.02,2023-02-09 16:15:00,103.36,-0.03,2023-02-09 16:15:00,326
2023-02-10,99.9,0.0,2023-02-10 18:15:00,101.77,-0.01,2023-02-10 21:00:00,101.18,-0.01,2023-02-10 20:30:00,326
2023-02-11,100.0,0.0,2023-02-11 02:45:00,100.12,-0.0,2023-02-11 22:00:00,100.43,-0.0,2023-02-11 21:00:00,326
2023-02-12,100.0,0.0,2023-02-12 04:30:00,104.22,-0.03,2023-02-12 05:00:00,103.68,-0.03,2023-02-12 04:30:00,326
2023-02-13,96.32,0.03,2023-02-13 17:15:00,102.22,-0.02,2023-02-13 17:15:00,104.72,-0.04,2023-02-13 06:15:00,326
2023-02-14,98.26,0.01,2023-02-14 05:30:00,99.77,0.0,2023-02-14 06:00:00,100.87,-0.01,2023-02-14 05:15:00,326
2023-02-15,101.22,-0.01,2023-02-15 12:00:00,102.97,-0.02,2023-02-15 11:00:00,104.43,-0.04,2023-02-15 04:45:00,326
2023-02-16,96.01,0.03,2023-02-16 14:15:00,101.46,-0.01,2023-02-16 05:30:00,102.88,-0.02,2023-02-16 12:30:00,326
2023-02-17,93.75,0.06,2023-02-17 10:45:00,99.17,0.01,2023-02-17 09:45:00,101.0,-0.01,2023-02-17 09:00:00,326
2023-02-18,100.0,0.0,2023-02-18 22:00:00,100.69,-0.01,2023-02-18 21:00:00,101.62,-0.01,2023-02-18 20:00:00,326
2023-02-19,100.0,0.0,2023-02-19 03:15:00,104.31,-0.03,2023-02-19 05:15:00,103.36,-0.03,2023-02-19 03:15:00,326
2023-02-20,103.26,-0.03,2023-02-20 18:45:00,105.03,-0.04,2023-02-20 12:45:00,105.24,-0.04,2023-02-20 12:15:00,326
2023-02-21,97.95,0.02,2023-02-21 03:30:00,103.09,-0.02,2023-02-21 03:30:00,104.05,-0.03,2023-02-21 03:15:00,326
2023-02-22,101.35,-0.01,2023-02-22 20:45:00,102.81,-0.02,2023-02-22 09:15:00,103.03,-0.02,2023-02-22 08:15:00,326
2023-02-23,97.95,0.02,2023-02-23 11:15:00,99.69,0.0,2023-02-23 10:15:00,101.86,-0.02,2023-02-23 10:45:00,326
2023-02-24,97.57,0.02,2023-02-24 18:15:00,101.34,-0.01,2023-02-24 17:15:00,102.04,-0.02,2023-02-24 16:15:00,326
2023-02-25,102.01,-0.02,2023-02-25 04:15:00,105.69,-0.04,2023-02-25 04:15:00,107.89,-0.06,2023-02-25 03:30:00,326
2023-02-26,101.74,-0.01,2023-02-26 07:30:00,104.29,-0.03,2023-02-26 03:30:00,106.1,-0.05,2023-02-26 03:30:00,326
2023-02-27,102.81,-0.02,2023-02-27 05:15:00,104.38,-0.03,2023-02-27 04:45:00,104.8,-0.04,2023-02-27 05:15:00,326
2023-02-28,103.06,-0.02,2023-02-28 18:15:00,103.18,-0.03,2023-02-28 05:15:00,103.54,-0.03,2023-02-28 04:45:00,326
2023-03-01,95.1,0.04,2023-03-01 03:30:00,97.55,0.02,2023-03-01 02:30:00,98.37,0.01,2023-03-01 01:30:00,326
2023-03-02,101.63,-0.01,2023-03-02 15:15:00,104.22,-0.03,2023-03-02 14:00:00,105.42,-0.04,2023-03-02 14:00:00,326
2023-03-03,103.37,-0.03,2023-03-03 18:30:00,105.99,-0.05,2023-03-03 11:15:00,106.66,-0.05,2023-03-03 05:30:00,326
2023-03-04,101.15,-0.01,2023-03-04 20:45:00,103.13,-0.03,2023-03-04 20:30:00,105.94,-0.05,2023-03-04 20:30:00,326
2023-03-05,100.0,0.0,2023-03-05 03:30:00,106.6,-0.05,2023-03-05 05:30:00,108.16,-0.06,2023-03-05 03:00:00,326
2023-03-06,98.78,0.01,2023-03-06 11:30:00,101.04,-0.01,2023-03-06 10:00:00,102.96,-0.02,2023-03-06 10:00:00,326
2023-03-07,103.16,-0.03,2023-03-07 09:15:00,103.92,-0.03,2023-03-07 08:45:00,105.43,-0.04,2023-03-07 08:45:00,326
2023-03-08,96.67,0.03,2023-03-08 21:00:00,99.53,0.0,2023-03-08 16:30:00,102.06,-0.02,2023-03-08 05:00:00,326
2023-03-09,98.89,0.01,2023-03-09 06:00:00,100.42,-0.0,2023-03-09 05:00:00,101.56,-0.01,2023-03-09 04:45:00,326
2023-03-10,96.74,0.03,2023-03-10 11:45:00,100.0,0.0,2023-03-10 04:45:00,101.4,-0.01,2023-03-10 04:45:00,326
2023-03-11,99.72,0.0,2023-03-11 05:00:00,102.66,-0.02,2023-03-11 21:45:00,103.43,-0.03,2023-03-11 21:00:00,326
2023-03-12,100.0,0.0,2023-03-12 03:00:00,100.78,-0.01,2023-03-12 06:45:00,102.49,-0.02,2023-03-12 01:15:00,326
2023-03-13,101.01,-0.01,2023-03-13 09:45:00,102.81,-0.02,2023-03-13 17:45:00,103.3,-0.03,2023-03-13 07:45:00,326
2023-03-14,99.55,0.0,2023-03-14 06:15:00,100.63,-0.01,2023-03-14 05:15:00,101.66,-0.01,2023-03-14 05:00:00,326
2023-03-15,100.56,-0.0,2023-03-15 20:45:00,105.5,-0.04,2023-03-15 05:15:00,106.56,-0.05,2023-03-15 19:00:00,326
2023-03-16,100.38,-0.0,2023-03-16 10:45:00,103.23,-0.03,2023-03-16 09:45:00,103.11,-0.03,2023-03-16 08:45:00,326
2023-03-17,102.81,-0.02,2023-03-17 06:00:00,103.87,-0.03,2023-03-17 05:15:00,104.8,-0.04,2023-03-17 05:00:00,326
2023-03-18,100.0,0.0,2023-03-18 19:30:00,100.45,-0.0,2023-03-18 19:15:00,101.09,-0.01,2023-03-18 18:15:00,326
2023-03-19,100.0,0.0,2023-03-19 07:30:00,101.22,-0.01,2023-03-19 06:45:00,103.39,-0.03,2023-03-19 03:15:00,326
2023-03-20,102.08,-0.02,2023-03-20 17:30:00,105.17,-0.04,2023-03-20 16:30:00,105.29,-0.04,2023-03-20 15:30:00,326
2023-03-21,99.44,0.0,2023-03-21 15:30:00,103.0,-0.02,2023-03-21 15:30:00,103.23,-0.03,2023-03-21 15:30:00,326
2023-03-22,101.74,-0.01,2023-03-22 20:15:00,103.87,-0.03,2023-03-22 14:15:00,104.75,-0.04,2023-03-22 07:45:00,326
2023-03-23,98.85,0.01,2023-03-23 05:45:00,100.43,-0.0,2023-03-23 05:15:00,102.55,-0.02,2023-03-23 04:15:00,326
2023-03-24,85.24,0.14,2023-03-24 06:30:00,89.11,0.1,2023-03-24 05:45:00,94.21,0.05,2023-03-24 05:15:00,326
2023-03-25,101.84,-0.02,2023-03-25 21:00:00,101.87,-0.02,2023-03-25 21:30:00,103.28,-0.03,2023-03-25 20:15:00,326
2023-03-26,99.48,0.0,2023-03-26 05:30:00,100.95,-0.01,2023-03-26 01:15:00,101.16,-0.01,2023-03-26 01:30:00,326
2023-03-27,100.56,-0.0,2023-03-27 11:00:00,103.07,-0.02,2023-03-27 11:00:00,104.86,-0.04,2023-03-27 11:00:00,326
2023-03-28,99.79,0.0,2023-03-28 12:00:00,101.79,-0.01,2023-03-28 10:30:00,103.39,-0.03,2023-03-28 10:30:00,326
2023-03-29,99.41,0.0,2023-03-29 06:30:00,102.24,-0.02,2023-03-29 06:30:00,104.06,-0.03,2023-03-29 05:30:00,326
2023-03-30,101.91,-0.02,2023-03-30 06:15:00,103.66,-0.03,2023-03-30 14:45:00,104.64,-0.04,2023-03-30 14:00:00,326
2023-03-31,100.1,-0.0,2023-03-31 03:15:00,103.3,-0.03,2023-03-31 10:30:00,104.38,-0.03,2023-03-31 10:15:00,326
2023-04-01,100.31,-0.0,2023-04-01 09:45:00,101.94,-0.02,2023-04-01 09:45:00,104.18,-0.03,2023-04-01 09:45:00,326
2023-04-02,100.0,0.0,2023-04-02 06:45:00,100.0,0.0,2023-04-02 06:30:00,101.1,-0.01,2023-04-02 05:15:00,326
2023-04-03,98.68,0.01,2023-04-03 06:30:00,101.11,-0.01,2023-04-03 06:00:00,102.66,-0.02,2023-04-03 05:00:00,326
2023-04-04,101.08,-0.01,2023-04-04 14:45:00,103.35,-0.03,2023-04-04 10:30:00,103.88,-0.03,2023-04-04 09:30:00,326
2023-04-05,90.35,0.09,2023-04-05 10:15:00,97.83,0.02,2023-04-05 09:30:00,100.83,-0.01,2023-04-05 09:15:00,326
2023-04-06,101.28,-0.01,2023-04-06 15:00:00,102.29,-0.02,2023-04-06 14:00:00,104.17,-0.03,2023-04-06 13:30:00,326
2023-04-07,103.65,-0.03,2023-04-07 05:30:00,104.9,-0.04,2023-04-07 05:15:00,105.74,-0.05,2023-04-07 05:00:00,326
2023-04-08,97.85,0.02,2023-04-08 05:30:00,102.92,-0.02,2023-04-08 05:00:00,104.9,-0.04,2023-04-08 03:45:00,326
2023-04-09,100.0,0.0,2023-04-09 03:30:00,104.17,-0.03,2023-04-09 04:45:00,105.44,-0.04,2023-04-09 05:00:00,326
2023-04-10,100.0,0.0,2023-04-10 02:15:00,100.0,0.0,2023-04-10 01:15:00,103.13,-0.03,2023-04-10 05:00:00,326
2023-04-11,102.92,-0.02,2023-04-11 15:45:00,103.13,-0.03,2023-04-11 15:30:00,104.36,-0.03,2023-04-11 14:30:00,326
2023-04-12,100.07,-0.0,2023-04-12 06:00:00,101.58,-0.01,2023-04-12 05:00:00,102.11,-0.02,2023-04-12 04:15:00,326
2023-04-13,100.28,-0.0,2023-04-13 16:45:00,102.05,-0.02,2023-04-13 05:15:00,102.87,-0.02,2023-04-13 04:30:00,326
2023-04-14,101.67,-0.01,2023-04-14 13:45:00,103.91,-0.03,2023-04-14 05:00:00,105.08,-0.04,2023-04-14 12:15:00,326
2023-04-15,96.46,0.03,2023-04-15 05:45:00,103.42,-0.03,2023-04-15 05:45:00,103.32,-0.03,2023-04-15 05:45:00,326
2023-04-16,99.76,0.0,2023-04-16 03:30:00,99.91,0.0,2023-04-16 03:45:00,102.03,-0.02,2023-04-16 03:30:00,326
2023-04-17,103.72,-0.03,2023-04-17 05:30:00,105.31,-0.04,2023-04-17 05:15:00,106.23,-0.05,2023-04-17 05:00:00,326
2023-04-18,102.36,-0.02,2023-04-18 05:30:00,104.41,-0.04,2023-04-18 05:45:00,105.43,-0.04,2023-04-18 05:00:00,326
2023-04-19,100.73,-0.01,2023-04-19 13:30:00,103.28,-0.03,2023-04-19 13:45:00,104.54,-0.04,2023-04-19 13:15:00,326
2023-04-20,99.31,0.01,2023-04-20 16:15:00,102.9,-0.02,2023-04-20 15:00:00,104.29,-0.03,2023-04-20 14:45:00,326
2023-04-21,103.89,-0.03,2023-04-21 13:00:00,105.36,-0.04,2023-04-21 12:00:00,106.2,-0.05,2023-04-21 14:30:00,326
2023-04-22,100.0,0.0,2023-04-22 23:00:00,105.59,-0.04,2023-04-22 16:30:00,106.23,-0.05,2023-04-22 08:30:00,326
2023-04-23,101.49,-0.01,2023-04-23 01:00:00,102.17,-0.02,2023-04-23 03:15:00,104.22,-0.03,2023-04-23 03:15:00,326
2023-04-24,99.41,0.0,2023-04-24 15:30:00,102.78,-0.02,2023-04-24 16:00:00,104.0,-0.03,2023-04-24 16:00:00,326
2023-04-25,100.66,-0.01,2023-04-25 15:00:00,102.97,-0.02,2023-04-25 14:00:00,103.99,-0.03,2023-04-25 13:00:00,326
2023-04-26,98.33,0.01,2023-04-26 16:15:00,101.86,-0.02,2023-04-26 15:15:00,103.14,-0.03,2023-04-26 14:30:00,326
2023-04-27,101.46,-0.01,2023-04-27 17:00:00,104.44,-0.04,2023-04-27 16:15:00,105.81,-0.05,2023-04-27 05:30:00,326
2023-04-28,100.03,-0.0,2023-04-28 03:45:00,103.14,-0.03,2023-04-28 03:45:00,103.23,-0.03,2023-04-28 03:45:00,326
2023-04-29,100.8,-0.01,2023-04-29 21:15:00,102.43,-0.02,2023-04-29 20:45:00,104.76,-0.04,2023-04-29 13:45:00,326
2023-04-30,100.0,0.0,2023-04-30 07:00:00,100.0,0.0,2023-04-30 02:15:00,104.2,-0.03,2023-04-30 20:00:00,326
2023-05-01,100.0,0.0,2023-05-01 05:30:00,102.99,-0.02,2023-05-01 03:15:00,103.32,-0.03,2023-05-01 03:15:00,326
2023-05-02,103.82,-0.03,2023-05-02 09:00:00,106.01,-0.05,2023-05-02 08:45:00,106.86,-0.05,2023-05-02 07:30:00,326
2023-05-03,105.1,-0.04,2023-05-03 07:45:00,107.24,-0.06,2023-05-03 07:15:00,107.77,-0.06,2023-05-03 08:15:00,326
2023-05-04,102.22,-0.02,2023-05-04 16:45:00,104.7,-0.04,2023-05-04 16:00:00,105.81,-0.05,2023-05-04 14:45:00,326
2023-05-05,96.53,0.03,2023-05-05 15:00:00,105.07,-0.04,2023-05-05 08:00:00,105.52,-0.04,2023-05-05 08:00:00,326
2023-05-06,92.12,0.07,2023-05-06 21:45:00,99.27,0.01,2023-05-06 21:00:00,104.84,-0.04,2023-05-06 20:00:00,326
2023-05-07,93.75,0.06,2023-05-07 21:30:00,96.61,0.03,2023-05-07 22:00:00,98.44,0.01,2023-05-07 21:00:00,326
2023-05-08,100.0,0.0,2023-05-08 01:45:00,101.96,-0.02,2023-05-08 01:30:00,104.63,-0.04,2023-05-08 01:00:00,326
2023-05-09,98.23,0.02,2023-05-09 15:45:00,101.44,-0.01,2023-05-09 14:30:00,102.49,-0.02,2023-05-09 13:30:00,326
2023-05-10,99.27,0.01,2023-05-10 13:30:00,101.01,-0.01,2023-05-10 13:15:00,103.22,-0.03,2023-05-10 12:00:00,326
2023-05-11,101.42,-0.01,2023-05-11 10:30:00,104.5,-0.04,2023-05-11 10:15:00,105.47,-0.04,2023-05-11 10:00:00,326
2023-05-12,100.38,-0.0,2023-05-12 12:30:00,103.42,-0.03,2023-05-12 11:45:00,104.19,-0.03,2023-05-12 10:45:00,326
2023-05-13,101.56,-0.01,2023-05-13 20:00:00,103.98,-0.03,2023-05-13 19:00:00,105.05,-0.04,2023-05-13 17:45:00,326
2023-05-14,100.0,0.0,2023-05-14 02:30:00,103.54,-0.03,2023-05-14 02:15:00,106.46,-0.05,2023-05-14 06:30:00,326
2023-05-15,102.78,-0.02,2023-05-15 16:45:00,107.0,-0.05,2023-05-15 05:15:00,107.07,-0.06,2023-05-15 06:45:00,326
2023-05-16,100.52,-0.0,2023-05-16 07:45:00,104.36,-0.03,2023-05-16 07:45:00,104.76,-0.04,2023-05-16 07:30:00,326
2023-05-17,102.67,-0.02,2023-05-17 14:00:00,104.13,-0.03,2023-05-17 07:00:00,104.7,-0.04,2023-05-17 05:00:00,326
2023-05-18,101.11,-0.01,2023-05-18 04:15:00,107.2,-0.06,2023-05-18 02:00:00,108.76,-0.07,2023-05-18 02:15:00,326
2023-05-19,103.75,-0.03,2023-05-19 08:30:00,107.95,-0.06,2023-05-19 08:30:00,109.31,-0.07,2023-05-19 08:30:00,326
2023-05-20,100.21,-0.0,2023-05-20 17:15:00,102.43,-0.02,2023-05-20 16:30:00,104.27,-0.03,2023-05-20 15:30:00,326
2023-05-21,96.88,0.03,2023-05-21 00:30:00,101.56,-0.01,2023-05-21 03:45:00,102.55,-0.02,2023-05-21 02:45:00,326
2023-05-22,99.9,0.0,2023-05-22 08:45:00,102.24,-0.02,2023-05-22 08:30:00,103.83,-0.03,2023-05-22 07:45:00,326
2023-05-23,101.67,-0.01,2023-05-23 17:15:00,103.89,-0.03,2023-05-23 10:00:00,104.35,-0.03,2023-05-23 09:00:00,326
2023-05-24,99.48,0.0,2023-05-24 06:45:00,102.85,-0.02,2023-05-24 06:15:00,104.17,-0.03,2023-05-24 05:30:00,326
2023-05-25,98.75,0.01,2023-05-25 08:30:00,102.2,-0.02,2023-05-25 08:30:00,104.13,-0.03,2023-05-25 08:00:00,326
2023-05-26,103.19,-0.03,2023-05-26 13:45:00,105.76,-0.05,2023-05-26 12:45:00,106.61,-0.05,2023-05-26 11:30:00,326
2023-05-27,102.47,-0.02,2023-05-27 22:45:00,106.84,-0.05,2023-05-27 21:30:00,109.41,-0.07,2023-05-27 19:30:00,326
2023-05-28,97.99,0.02,2023-05-28 02:15:00,99.72,0.0,2023-05-28 01:30:00,102.19,-0.02,2023-05-28 01:30:00,326
2023-05-29,97.4,0.02,2023-05-29 04:00:00,98.7,0.01,2023-05-29 03:15:00,103.08,-0.02,2023-05-29 02:30:00,326
2023-05-30,103.37,-0.03,2023-05-30 14:30:00,105.69,-0.04,2023-05-30 11:30:00,106.01,-0.05,2023-05-30 10:30:00,326
2023-05-31,101.84,-0.02,2023-05-31 10:15:00,104.05,-0.03,2023-05-31 09:30:00,105.12,-0.04,2023-05-31 07:45:00,326
2023-06-01,102.64,-0.02,2023-06-01 14:45:00,104.44,-0.04,2023-06-01 13:45:00,105.22,-0.04,2023-06-01 13:00:00,326
2023-06-02,102.71,-0.02,2023-06-02 10:30:00,104.69,-0.04,2023-06-02 07:15:00,105.86,-0.05,2023-06-02 06:15:00,326
2023-06-03,104.62,-0.04,2023-06-03 22:30:00,106.82,-0.05,2023-06-03 21:45:00,107.52,-0.06,2023-06-03 07:15:00,326
2023-06-04,98.26,0.01,2023-06-04 00:45:00,100.61,-0.01,2023-06-04 01:00:00,101.1,-0.01,2023-06-04 01:15:00,326
2023-06-05,102.88,-0.02,2023-06-05 15:00:00,103.45,-0.03,2023-06-05 15:00:00,104.76,-0.04,2023-06-05 14:00:00,326
2023-06-06,100.9,-0.01,2023-06-06 11:00:00,104.57,-0.04,2023-06-06 17:00:00,105.21,-0.04,2023-06-06 15:30:00,326
2023-06-07,93.51,0.06,2023-06-07 12:45:00,96.46,0.03,2023-06-07 12:30:00,97.49,0.02,2023-06-07 10:45:00,326
2023-06-08,99.62,0.0,2023-06-08 13:30:00,102.48,-0.02,2023-06-08 12:30:00,103.82,-0.03,2023-06-08 13:15:00,326
2023-06-09,100.14,-0.0,2023-06-09 11:00:00,105.23,-0.04,2023-06-09 09:30:00,106.45,-0.05,2023-06-09 09:00:00,326
2023-06-10,102.78,-0.02,2023-06-10 23:00:00,102.86,-0.02,2023-06-10 22:00:00,105.06,-0.04,2023-06-10 21:00:00,326
2023-06-11,96.88,0.03,2023-06-11 00:00:00,101.91,-0.02,2023-06-11 01:15:00,103.07,-0.02,2023-06-11 00:00:00,326
2023-06-12,101.7,-0.01,2023-06-12 14:00:00,103.91,-0.03,2023-06-12 14:00:00,104.86,-0.04,2023-06-12 13:45:00,326
2023-06-13,104.38,-0.03,2023-06-13 17:15:00,106.32,-0.05,2023-06-13 16:30:00,106.75,-0.05,2023-06-13 15:30:00,326
2023-06-14,101.63,-0.01,2023-06-14 15:00:00,104.84,-0.04,2023-06-14 13:45:00,104.48,-0.04,2023-06-14 12:45:00,326
2023-06-15,102.01,-0.02,2023-06-15 11:45:00,105.05,-0.04,2023-06-15 10:45:00,105.69,-0.04,2023-06-15 09:45:00,326
2023-06-16,97.85,0.02,2023-06-16 09:45:00,101.34,-0.01,2023-06-16 08:00:00,102.73,-0.02,2023-06-16 08:00:00,326
2023-06-17,100.52,-0.0,2023-06-17 21:30:00,103.99,-0.03,2023-06-17 20:15:00,106.91,-0.05,2023-06-17 19:30:00,326
2023-06-18,97.4,0.02,2023-06-18 19:15:00,105.92,-0.05,2023-06-18 18:15:00,108.96,-0.07,2023-06-18 17:15:00,326
2023-06-19,104.62,-0.04,2023-06-19 15:15:00,106.41,-0.05,2023-06-19 12:15:00,107.36,-0.06,2023-06-19 13:00:00,326
2023-06-20,104.31,-0.03,2023-06-20 10:45:00,105.35,-0.04,2023-06-20 11:15:00,105.59,-0.04,2023-06-20 10:15:00,326
2023-06-21,103.65,-0.03,2023-06-21 13:15:00,105.16,-0.04,2023-06-21 11:30:00,105.29,-0.04,2023-06-21 10:30:00,326
2023-06-22,101.15,-0.01,2023-06-22 10:15:00,102.69,-0.02,2023-06-22 09:15:00,102.93,-0.02,2023-06-22 08:15:00,326
2023-06-23,104.83,-0.04,2023-06-23 11:45:00,107.43,-0.06,2023-06-23 11:45:00,108.36,-0.06,2023-06-23 12:00:00,326
2023-06-24,104.38,-0.03,2023-06-24 22:15:00,106.37,-0.05,2023-06-24 07:30:00,109.5,-0.07,2023-06-24 20:15:00,326
2023-06-25,100.0,0.0,2023-06-25 02:00:00,101.22,-0.01,2023-06-25 02:15:00,102.58,-0.02,2023-06-25 01:30:00,326
2023-06-26,102.08,-0.02,2023-06-26 10:30:00,102.9,-0.02,2023-06-26 10:00:00,104.94,-0.04,2023-06-26 09:15:00,326
2023-06-27,103.75,-0.03,2023-06-27 15:15:00,105.38,-0.04,2023-06-27 11:30:00,106.02,-0.05,2023-06-27 11:00:00,326
2023-06-28,103.4,-0.03,2023-06-28 13:00:00,105.52,-0.04,2023-06-28 13:00:00,106.55,-0.05,2023-06-28 13:00:00,326
2023-06-29,103.26,-0.03,2023-06-29 10:15:00,106.96,-0.05,2023-06-29 09:15:00,107.84,-0.06,2023-06-29 08:15:00,326
2023-06-30,104.76,-0.04,2023-06-30 02:15:00,106.63,-0.05,2023-06-30 14:00:00,108.19,-0.06,2023-06-30 06:45:00,326
2023-07-01,101.56,-0.01,2023-07-01 20:45:00,104.7,-0.04,2023-07-01 21:00:00,104.47,-0.04,2023-07-01 21:00:00,326
2023-07-02,100.0,0.0,2023-07-02 03:15:00,100.0,0.0,2023-07-02 02:30:00,103.76,-0.03,2023-07-02 01:00:00,326
2023-07-03,103.68,-0.03,2023-07-03 11:15:00,105.9,-0.05,2023-07-03 16:00:00,106.25,-0.05,2023-07-03 09:30:00,326
2023-07-04,104.06,-0.03,2023-07-04 18:15:00,107.2,-0.06,2023-07-04 13:15:00,108.39,-0.06,2023-07-04 16:00:00,326
2023-07-05,100.9,-0.01,2023-07-05 12:00:00,103.02,-0.02,2023-07-05 11:30:00,103.47,-0.03,2023-07-05 10:30:00,326
2023-07-06,101.84,-0.02,2023-07-06 09:45:00,104.18,-0.03,2023-07-06 09:30:00,105.6,-0.04,2023-07-06 08:30:00,326
2023-07-07,104.41,-0.04,2023-07-07 16:45:00,105.87,-0.05,2023-07-07 08:15:00,107.27,-0.06,2023-07-07 07:15:00,326
2023-07-08,100.17,-0.0,2023-07-08 21:15:00,102.0,-0.02,2023-07-08 20:45:00,105.15,-0.04,2023-07-08 20:15:00,326
2023-07-09,100.0,0.0,2023-07-09 02:45:00,103.13,-0.03,2023-07-09 00:00:00,104.51,-0.04,2023-07-09 00:00:00,326
2023-07-10,102.19,-0.02,2023-07-10 12:45:00,103.23,-0.03,2023-07-10 11:30:00,103.91,-0.03,2023-07-10 11:30:00,326
2023-07-11,101.77,-0.01,2023-07-11 09:45:00,103.49,-0.03,2023-07-11 09:15:00,103.8,-0.03,2023-07-11 09:15:00,326
2023-07-12,96.6,0.03,2023-07-12 14:00:00,98.99,0.01,2023-07-12 12:30:00,100.86,-0.01,2023-07-12 12:15:00,326
2023-07-13,92.08,0.07,2023-07-13 12:00:00,96.2,0.03,2023-07-13 10:45:00,99.18,0.01,2023-07-13 10:15:00,326
2023-07-14,99.65,0.0,2023-07-14 23:00:00,103.06,-0.02,2023-07-14 04:15:00,106.54,-0.05,2023-07-14 04:45:00,326
2023-07-15,101.94,-0.02,2023-07-15 05:15:00,104.2,-0.03,2023-07-15 21:30:00,105.76,-0.05,2023-07-15 03:15:00,326
2023-07-16,96.88,0.03,2023-07-16 03:15:00,99.31,0.01,2023-07-16 03:15:00,103.53,-0.03,2023-07-16 02:30:00,326
2023-07-17,99.9,0.0,2023-07-17 12:15:00,101.96,-0.02,2023-07-17 12:30:00,102.65,-0.02,2023-07-17 11:00:00,326
2023-07-18,98.02,0.02,2023-07-18 16:45:00,100.89,-0.01,2023-07-18 15:45:00,101.86,-0.02,2023-07-18 14:45:00,326
2023-07-19,96.08,0.03,2023-07-19 15:00:00,99.64,0.0,2023-07-19 14:00:00,99.88,0.0,2023-07-19 13:00:00,326
2023-07-20,103.33,-0.03,2023-07-20 11:45:00,105.69,-0.04,2023-07-20 11:45:00,106.37,-0.05,2023-07-20 07:15:00,326
2023-07-21,102.74,-0.02,2023-07-21 10:45:00,104.11,-0.03,2023-07-21 09:00:00,104.07,-0.03,2023-07-21 09:00:00,326
2023-07-22,102.36,-0.02,2023-07-22 03:45:00,107.4,-0.06,2023-07-22 21:30:00,109.12,-0.07,2023-07-22 03:30:00,326
2023-07-23,93.19,0.06,2023-07-23 19:00:00,100.0,0.0,2023-07-23 01:30:00,100.0,0.0,2023-07-23 01:45:00,326
2023-07-24,101.39,-0.01,2023-07-24 11:15:00,103.18,-0.03,2023-07-24 11:00:00,103.82,-0.03,2023-07-24 05:45:00,326
2023-07-25,98.09,0.02,2023-07-25 14:15:00,101.37,-0.01,2023-07-25 13:15:00,102.6,-0.02,2023-07-25 12:15:00,326
2023-07-26,102.47,-0.02,2023-07-26 16:15:00,103.14,-0.03,2023-07-26 15:00:00,103.39,-0.03,2023-07-26 15:00:00,326
2023-07-27,96.98,0.03,2023-07-27 17:15:00,101.79,-0.01,2023-07-27 17:15:00,103.24,-0.03,2023-07-27 09:15:00,326
2023-07-28,99.79,0.0,2023-07-28 11:00:00,103.3,-0.03,2023-07-28 11:15:00,103.61,-0.03,2023-07-28 11:15:00,326
2023-07-29,102.95,-0.02,2023-07-29 22:30:00,104.86,-0.04,2023-07-29 22:00:00,105.95,-0.05,2023-07-29 02:00:00,326
2023-07-30,100.0,0.0,2023-07-30 00:15:00,101.39,-0.01,2023-07-30 00:15:00,105.72,-0.05,2023-07-30 04:15:00,326
2023-07-31,93.09,0.06,2023-07-31 11:15:00,95.82,0.04,2023-07-31 10:15:00,98.91,0.01,2023-07-31 11:00:00,326
2023-08-01,100.07,-0.0,2023-08-01 10:00:00,101.37,-0.01,2023-08-01 09:15:00,101.57,-0.01,2023-08-01 09:45:00,326
2023-08-02,98.47,0.01,2023-08-02 11:15:00,99.5,0.0,2023-08-02 10:00:00,99.95,0.0,2023-08-02 09:15:00,326
2023-08-03,100.0,0.0,2023-08-03 13:30:00,102.15,-0.02,2023-08-03 07:45:00,102.28,-0.02,2023-08-03 07:00:00,326
2023-08-04,103.4,-0.03,2023-08-04 12:15:00,106.72,-0.05,2023-08-04 05:30:00,107.01,-0.05,2023-08-04 05:15:00,326
2023-08-05,101.39,-0.01,2023-08-05 15:45:00,104.11,-0.03,2023-08-05 14:45:00,106.04,-0.05,2023-08-05 13:45:00,326
2023-08-06,100.0,0.0,2023-08-06 08:15:00,100.0,0.0,2023-08-06 01:30:00,100.0,0.0,2023-08-06 01:30:00,326
2023-08-07,98.72,0.01,2023-08-07 10:45:00,101.01,-0.01,2023-08-07 10:00:00,103.72,-0.03,2023-08-07 08:45:00,326
2023-08-08,103.33,-0.03,2023-08-08 11:00:00,104.83,-0.04,2023-08-08 10:00:00,105.67,-0.04,2023-08-08 09:00:00,326
2023-08-09,100.9,-0.01,2023-08-09 08:45:00,102.57,-0.02,2023-08-09 08:45:00,102.82,-0.02,2023-08-09 08:45:00,326
2023-08-10,97.88,0.02,2023-08-10 12:45:00,103.54,-0.03,2023-08-10 13:00:00,104.57,-0.04,2023-08-10 12:45:00,326
2023-08-11,102.78,-0.02,2023-08-11 21:30:00,104.43,-0.04,2023-08-11 20:30:00,106.08,-0.05,2023-08-11 20:45:00,326
2023-08-12,96.88,0.03,2023-08-12 22:30:00,100.73,-0.01,2023-08-12 21:30:00,103.58,-0.03,2023-08-12 20:45:00,326
2023-08-13,100.0,0.0,2023-08-13 05:15:00,100.52,-0.0,2023-08-13 05:00:00,101.39,-0.01,2023-08-13 04:15:00,326
2023-08-14,104.97,-0.04,2023-08-14 10:45:00,107.99,-0.06,2023-08-14 14:00:00,109.37,-0.07,2023-08-14 09:00:00,326
2023-08-15,102.43,-0.02,2023-08-15 06:15:00,103.39,-0.03,2023-08-15 05:15:00,103.78,-0.03,2023-08-15 03:45:00,326
2023-08-16,101.74,-0.01,2023-08-16 14:00:00,103.0,-0.02,2023-08-16 13:30:00,104.05,-0.03,2023-08-16 12:30:00,326
2023-08-17,101.04,-0.01,2023-08-17 12:15:00,104.41,-0.04,2023-08-17 08:45:00,105.87,-0.05,2023-08-17 07:45:00,326
2023-08-18,102.88,-0.02,2023-08-18 19:15:00,105.54,-0.04,2023-08-18 19:00:00,106.47,-0.05,2023-08-18 07:45:00,326
2023-08-19,98.89,0.01,2023-08-19 20:30:00,101.94,-0.02,2023-08-19 19:30:00,103.74,-0.03,2023-08-19 19:45:00,326
2023-08-20,100.0,0.0,2023-08-20 02:30:00,100.17,-0.0,2023-08-20 02:00:00,101.74,-0.01,2023-08-20 02:15:00,326
2023-08-21,100.76,-0.01,2023-08-21 06:15:00,104.43,-0.04,2023-08-21 10:30:00,105.37,-0.04,2023-08-21 10:00:00,326
2023-08-22,100.24,-0.0,2023-08-22 10:15:00,101.98,-0.02,2023-08-22 13:45:00,102.49,-0.02,2023-08-22 09:45:00,326
2023-08-23,103.72,-0.03,2023-08-23 11:45:00,105.26,-0.04,2023-08-23 10:45:00,105.74,-0.05,2023-08-23 09:45:00,326
2023-08-24,92.29,0.07,2023-08-24 14:30:00,96.41,0.03,2023-08-24 13:45:00,96.04,0.03,2023-08-24 12:30:00,326
2023-08-25,98.96,0.01,2023-08-25 11:30:00,100.36,-0.0,2023-08-25 10:30:00,103.3,-0.03,2023-08-25 10:00:00,326
2023-08-26,99.65,0.0,2023-08-26 10:00:00,102.64,-0.02,2023-08-26 21:15:00,103.73,-0.03,2023-08-26 21:00:00,326
2023-08-27,92.43,0.07,2023-08-27 00:45:00,100.82,-0.01,2023-08-27 00:45:00,102.34,-0.02,2023-08-27 00:45:00,326
2023-08-28,100.14,-0.0,2023-08-28 05:45:00,102.19,-0.02,2023-08-28 09:30:00,103.41,-0.03,2023-08-28 08:30:00,326
2023-08-29,95.69,0.04,2023-08-29 14:45:00,98.4,0.01,2023-08-29 13:45:00,99.13,0.01,2023-08-29 12:00:00,326
2023-08-30,97.71,0.02,2023-08-30 09:30:00,99.11,0.01,2023-08-30 09:15:00,100.2,-0.0,2023-08-30 09:30:00,326
2023-08-31,99.58,0.0,2023-08-31 21:45:00,102.69,-0.02,2023-08-31 20:15:00,103.22,-0.03,2023-08-31 19:15:00,326
2023-09-01,98.26,0.01,2023-09-01 13:15:00,100.69,-0.01,2023-09-01 13:15:00,102.05,-0.02,2023-09-01 13:00:00,326
2023-09-02,105.59,-0.04,2023-09-02 03:30:00,108.54,-0.07,2023-09-02 10:00:00,108.87,-0.07,2023-09-02 10:15:00,326
2023-09-03,100.0,0.0,2023-09-03 03:30:00,101.82,-0.01,2023-09-03 02:30:00,103.19,-0.03,2023-09-03 02:45:00,326
2023-09-04,98.65,0.01,2023-09-04 15:30:00,102.62,-0.02,2023-09-04 15:45:00,104.64,-0.04,2023-09-04 11:30:00,326
2023-09-05,98.09,0.02,2023-09-05 13:15:00,100.4,-0.0,2023-09-05 12:45:00,100.82,-0.01,2023-09-05 13:15:00,326
2023-09-06,100.17,-0.0,2023-09-06 15:15:00,103.19,-0.03,2023-09-06 09:15:00,103.84,-0.03,2023-09-06 05:15:00,326
2023-09-07,100.83,-0.01,2023-09-07 11:15:00,102.78,-0.02,2023-09-07 11:00:00,102.96,-0.02,2023-09-07 10:45:00,326
2023-09-08,100.56,-0.0,2023-09-08 20:30:00,104.76,-0.04,2023-09-08 05:00:00,106.1,-0.05,2023-09-08 11:15:00,326
2023-09-09,100.0,0.0,2023-09-09 22:15:00,101.48,-0.01,2023-09-09 21:45:00,103.14,-0.03,2023-09-09 20:15:00,326
2023-09-10,100.0,0.0,2023-09-10 03:00:00,104.6,-0.04,2023-09-10 02:00:00,105.03,-0.04,2023-09-10 02:45:00,326
2023-09-11,92.81,0.06,2023-09-11 14:30:00,98.49,0.01,2023-09-11 14:00:00,100.47,-0.0,2023-09-11 12:45:00,326
2023-09-12,98.06,0.02,2023-09-12 12:00:00,99.65,0.0,2023-09-12 12:15:00,101.2,-0.01,2023-09-12 12:00:00,326
2023-09-13,100.94,-0.01,2023-09-13 13:30:00,103.32,-0.03,2023-09-13 12:00:00,103.3,-0.03,2023-09-13 11:00:00,326
2023-09-14,100.56,-0.0,2023-09-14 06:15:00,103.25,-0.03,2023-09-14 06:00:00,105.45,-0.04,2023-09-14 05:15:00,326
2023-09-15,101.11,-0.01,2023-09-15 14:45:00,103.3,-0.03,2023-09-15 15:00:00,103.7,-0.03,2023-09-15 15:00:00,326
2023-09-16,101.63,-0.01,2023-09-16 20:30:00,104.9,-0.04,2023-09-16 20:00:00,105.24,-0.04,2023-09-16 20:30:00,326
2023-09-17,98.99,0.01,2023-09-17 21:45:00,100.61,-0.01,2023-09-17 05:15:00,103.39,-0.03,2023-09-17 21:00:00,326
2023-09-18,101.18,-0.01,2023-09-18 05:15:00,101.75,-0.01,2023-09-18 06:00:00,101.9,-0.02,2023-09-18 05:15:00,326
2023-09-19,101.25,-0.01,2023-09-19 06:00:00,103.89,-0.03,2023-09-19 05:45:00,104.39,-0.04,2023-09-19 16:15:00,326
2023-09-20,100.59,-0.0,2023-09-20 20:15:00,102.74,-0.02,2023-09-20 05:15:00,102.99,-0.02,2023-09-20 05:45:00,326
2023-09-21,99.55,0.0,2023-09-21 11:15:00,100.57,-0.0,2023-09-21 06:00:00,101.18,-0.01,2023-09-21 06:00:00,326
2023-09-22,99.72,0.0,2023-09-22 02:15:00,103.09,-0.02,2023-09-22 11:30:00,103.24,-0.03,2023-09-22 12:30:00,326
2023-09-23,100.35,-0.0,2023-09-23 11:15:00,104.62,-0.04,2023-09-23 10:15:00,106.92,-0.05,2023-09-23 09:15:00,326
2023-09-24,98.44,0.01,2023-09-24 06:30:00,99.74,0.0,2023-09-24 05:00:00,103.83,-0.03,2023-09-24 04:00:00,326
2023-09-25,97.12,0.02,2023-09-25 10:45:00,101.15,-0.01,2023-09-25 10:45:00,102.52,-0.02,2023-09-25 09:30:00,326
2023-09-26,103.72,-0.03,2023-09-26 14:45:00,104.77,-0.04,2023-09-26 05:45:00,105.22,-0.04,2023-09-26 05:00:00,326
2023-09-27,101.04,-0.01,2023-09-27 16:30:00,103.59,-0.03,2023-09-27 09:45:00,104.57,-0.04,2023-09-27 08:45:00,326
2023-09-28,100.17,-0.0,2023-09-28 06:15:00,101.68,-0.01,2023-09-28 05:15:00,102.92,-0.02,2023-09-28 04:45:00,326
2023-09-29,95.17,0.04,2023-09-29 15:00:00,99.74,0.0,2023-09-29 14:45:00,102.69,-0.02,2023-09-29 14:45:00,326
2023-09-30,106.18,-0.05,2023-09-30 19:30:00,107.05,-0.05,2023-09-30 10:45:00,108.8,-0.07,2023-09-30 11:15:00,326
2023-10-01,100.0,0.0,2023-10-01 03:15:00,101.22,-0.01,2023-10-01 03:15:00,101.62,-0.01,2023-10-01 02:15:00,326
2023-10-02,98.54,0.01,2023-10-02 15:30:00,101.35,-0.01,2023-10-02 15:00:00,102.75,-0.02,2023-10-02 14:15:00,326
2023-10-03,97.12,0.02,2023-10-03 10:15:00,99.25,0.01,2023-10-03 09:45:00,101.11,-0.01,2023-10-03 09:45:00,326
2023-10-04,94.79,0.05,2023-10-04 13:00:00,98.87,0.01,2023-10-04 13:30:00,101.04,-0.01,2023-10-04 11:30:00,326
2023-10-05,101.91,-0.02,2023-10-05 13:00:00,103.75,-0.03,2023-10-05 10:30:00,104.06,-0.03,2023-10-05 05:30:00,326
2023-10-06,100.24,-0.0,2023-10-06 15:30:00,103.77,-0.03,2023-10-06 07:00:00,104.27,-0.03,2023-10-06 06:15:00,326
2023-10-07,98.89,0.01,2023-10-07 06:15:00,101.75,-0.01,2023-10-07 06:15:00,103.02,-0.02,2023-10-07 05:15:00,326
2023-10-08,100.0,0.0,2023-10-08 06:15:00,100.14,-0.0,2023-10-08 02:15:00,104.83,-0.04,2023-10-08 00:45:00,326
2023-10-09,99.03,0.01,2023-10-09 14:30:00,100.28,-0.0,2023-10-09 13:30:00,102.75,-0.02,2023-10-09 12:30:00,326
2023-10-10,95.63,0.04,2023-10-10 06:45:00,99.72,0.0,2023-10-10 06:00:00,101.81,-0.01,2023-10-10 06:15:00,326
2023-10-11,97.57,0.02,2023-10-11 10:15:00,99.22,0.01,2023-10-11 13:45:00,99.31,0.01,2023-10-11 08:15:00,326
2023-10-12,90.76,0.08,2023-10-12 14:45:00,96.91,0.03,2023-10-12 13:45:00,98.95,0.01,2023-10-12 12:45:00,326
2023-10-13,102.64,-0.02,2023-10-13 08:15:00,103.52,-0.03,2023-10-13 08:00:00,105.49,-0.04,2023-10-13 07:45:00,326
2023-10-14,102.19,-0.02,2023-10-14 21:15:00,103.35,-0.03,2023-10-14 20:30:00,104.29,-0.03,2023-10-14 19:30:00,326
2023-10-15,99.9,0.0,2023-10-15 00:30:00,100.82,-0.01,2023-10-15 00:30:00,102.53,-0.02,2023-10-15 00:00:00,326
2023-10-16,103.4,-0.03,2023-10-16 07:30:00,104.9,-0.04,2023-10-16 07:15:00,104.71,-0.04,2023-10-16 05:45:00,326
2023-10-17,99.9,0.0,2023-10-17 11:30:00,102.9,-0.02,2023-10-17 07:00:00,103.17,-0.03,2023-10-17 06:15:00,326
2023-10-18,99.55,0.0,2023-10-18 06:30:00,102.17,-0.02,2023-10-18 11:15:00,102.78,-0.02,2023-10-18 10:15:00,326
2023-10-19,95.66,0.04,2023-10-19 06:45:00,98.59,0.01,2023-10-19 05:45:00,100.31,-0.0,2023-10-19 05:30:00,326
2023-10-20,83.72,0.16,2023-10-20 07:15:00,91.56,0.08,2023-10-20 06:30:00,94.06,0.05,2023-10-20 07:00:00,326
2023-10-21,102.5,-0.02,2023-10-21 21:15:00,105.59,-0.04,2023-10-21 21:15:00,106.28,-0.05,2023-10-21 08:15:00,326
2023-10-22,98.78,0.01,2023-10-22 06:00:00,100.0,0.0,2023-10-22 00:45:00,100.0,0.0,2023-10-22 01:00:00,326
2023-10-23,96.84,0.03,2023-10-23 15:00:00,102.33,-0.02,2023-10-23 15:00:00,103.61,-0.03,2023-10-23 06:30:00,326
2023-10-24,99.58,0.0,2023-10-24 06:00:00,99.79,0.0,2023-10-24 06:00:00,101.92,-0.02,2023-10-24 05:45:00,326
2023-10-25,96.49,0.03,2023-10-25 06:15:00,99.24,0.01,2023-10-25 05:45:00,100.61,-0.01,2023-10-25 05:45:00,326
2023-10-26,97.26,0.02,2023-10-26 09:30:00,99.53,0.0,2023-10-26 08:30:00,100.5,-0.0,2023-10-26 07:45:00,326
2023-10-27,100.52,-0.0,2023-10-27 13:30:00,102.08,-0.02,2023-10-27 06:15:00,102.5,-0.02,2023-10-27 05:00:00,326
2023-10-28,102.19,-0.02,2023-10-28 20:30:00,104.36,-0.03,2023-10-28 19:00:00,104.06,-0.03,2023-10-28 18:30:00,326
2023-10-29,100.0,0.0,2023-10-29 04:00:00,101.86,-0.02,2023-10-29 05:15:00,102.97,-0.02,2023-10-29 04:00:00,326
2023-10-30,96.77,0.03,2023-10-30 08:00:00,97.01,0.03,2023-10-30 07:00:00,97.58,0.02,2023-10-30 06:30:00,326
2023-10-31,101.15,-0.01,2023-10-31 11:15:00,102.12,-0.02,2023-10-31 11:00:00,103.95,-0.03,2023-10-31 09:45:00,326
2023-11-01,98.78,0.01,2023-11-01 02:45:00,102.78,-0.02,2023-11-01 12:30:00,103.65,-0.03,2023-11-01 02:15:00,326
2023-11-02,90.76,0.08,2023-11-02 11:00:00,96.48,0.03,2023-11-02 05:00:00,98.15,0.02,2023-11-02 05:45:00,326
2023-11-03,88.02,0.11,2023-11-03 11:15:00,89.79,0.09,2023-11-03 10:15:00,91.3,0.08,2023-11-03 09:30:00,326
2023-11-04,96.28,0.03,2023-11-04 18:30:00,100.23,-0.0,2023-11-04 17:45:00,101.9,-0.02,2023-11-04 16:45:00,326
2023-11-05,99.06,0.01,2023-11-05 06:15:00,101.93,-0.02,2023-11-05 06:00:00,102.84,-0.02,2023-11-05 01:30:00,326
2023-11-06,97.05,0.03,2023-11-06 07:00:00,99.91,0.0,2023-11-06 05:45:00,101.77,-0.01,2023-11-06 05:45:00,326
2023-11-07,98.85,0.01,2023-11-07 06:00:00,101.01,-0.01,2023-11-07 05:00:00,102.18,-0.02,2023-11-07 04:00:00,326
2023-11-08,99.41,0.0,2023-11-08 06:30:00,100.82,-0.01,2023-11-08 17:30:00,101.96,-0.02,2023-11-08 16:45:00,326
2023-11-09,97.05,0.03,2023-11-09 12:00:00,98.75,0.01,2023-11-09 06:00:00,99.31,0.01,2023-11-09 06:00:00,326
2023-11-10,96.77,0.03,2023-11-10 18:15:00,99.97,0.0,2023-11-10 17:30:00,101.41,-0.01,2023-11-10 17:15:00,326
2023-11-11,100.73,-0.01,2023-11-11 21:30:00,102.55,-0.02,2023-11-11 20:45:00,103.74,-0.03,2023-11-11 19:30:00,326
2023-11-12,100.0,0.0,2023-11-12 03:15:00,100.0,0.0,2023-11-12 02:15:00,103.7,-0.03,2023-11-12 01:15:00,326
2023-11-13,97.29,0.02,2023-11-13 17:30:00,98.26,0.01,2023-11-13 17:30:00,100.02,-0.0,2023-11-13 17:30:00,326
2023-11-14,98.54,0.01,2023-11-14 08:45:00,99.6,0.0,2023-11-14 13:15:00,100.87,-0.01,2023-11-14 13:00:00,326
2023-11-15,100.24,-0.0,2023-11-15 17:45:00,101.56,-0.01,2023-11-15 13:45:00,103.14,-0.03,2023-11-15 13:30:00,326
2023-11-16,95.9,0.04,2023-11-16 17:15:00,97.05,0.03,2023-11-16 17:15:00,99.09,0.01,2023-11-16 17:15:00,326
2023-11-17,98.92,0.01,2023-11-17 06:00:00,100.36,-0.0,2023-11-17 05:00:00,100.91,-0.01,2023-11-17 04:00:00,326
2023-11-18,99.93,0.0,2023-11-18 09:45:00,102.85,-0.02,2023-11-18 08:45:00,102.58,-0.02,2023-11-18 07:30:00,326
2023-11-19,100.0,0.0,2023-11-19 02:15:00,104.08,-0.03,2023-11-19 02:15:00,104.92,-0.04,2023-11-19 00:30:00,326
2023-11-20,99.38,0.01,2023-11-20 11:15:00,102.45,-0.02,2023-11-20 16:30:00,102.52,-0.02,2023-11-20 16:15:00,326
2023-11-21,100.87,-0.01,2023-11-21 12:30:00,102.52,-0.02,2023-11-21 06:30:00,102.97,-0.02,2023-11-21 06:30:00,326
2023-11-22,102.08,-0.02,2023-11-22 17:15:00,103.77,-0.03,2023-11-22 05:45:00,104.28,-0.03,2023-11-22 04:45:00,326
2023-11-23,100.49,-0.0,2023-11-23 14:30:00,102.26,-0.02,2023-11-23 06:00:00,103.0,-0.02,2023-11-23 05:15:00,326
2023-11-24,100.49,-0.0,2023-11-24 05:30:00,101.82,-0.01,2023-11-24 05:45:00,103.14,-0.03,2023-11-24 04:45:00,326
2023-11-25,104.83,-0.04,2023-11-25 13:15:00,107.29,-0.06,2023-11-25 13:00:00,108.23,-0.06,2023-11-25 12:00:00,326
2023-11-26,100.0,0.0,2023-11-26 02:00:00,103.59,-0.03,2023-11-26 04:15:00,108.03,-0.06,2023-11-26 04:15:00,326
2023-11-27,97.71,0.02,2023-11-27 16:45:00,99.9,0.0,2023-11-27 06:30:00,100.89,-0.01,2023-11-27 06:00:00,326
2023-11-28,99.97,0.0,2023-11-28 05:45:00,100.89,-0.01,2023-11-28 06:00:00,101.04,-0.01,2023-11-28 05:15:00,326
2023-11-29,76.7,0.25,2023-11-29 15:15:00,86.13,0.13,2023-11-29 14:30:00,92.7,0.07,2023-11-29 14:30:00,326
2023-11-30,97.88,0.02,2023-11-30 11:15:00,103.3,-0.03,2023-11-30 11:15:00,104.49,-0.04,2023-11-30 09:15:00,326
2023-12-01,98.19,0.02,2023-12-01 17:15:00,98.75,0.01,2023-12-01 16:15:00,102.69,-0.02,2023-12-01 15:45:00,326
2023-12-02,103.75,-0.03,2023-12-02 12:00:00,105.05,-0.04,2023-12-02 11:00:00,106.97,-0.05,2023-12-02 10:00:00,326
2023-12-03,100.0,0.0,2023-12-03 03:30:00,101.3,-0.01,2023-12-03 05:00:00,103.65,-0.03,2023-12-03 05:00:00,326
2023-12-04,99.51,0.0,2023-12-04 07:15:00,99.93,0.0,2023-12-04 06:15:00,101.08,-0.01,2023-12-04 05:45:00,326
2023-12-05,91.32,0.08,2023-12-05 16:30:00,96.67,0.03,2023-12-05 16:30:00,98.7,0.01,2023-12-05 16:30:00,326
2023-12-06,98.44,0.01,2023-12-06 18:15:00,100.8,-0.01,2023-12-06 16:45:00,101.53,-0.01,2023-12-06 16:45:00,326
2023-12-07,89.27,0.1,2023-12-07 10:00:00,98.39,0.01,2023-12-07 10:00:00,101.06,-0.01,2023-12-07 10:00:00,326
2023-12-08,99.1,0.01,2023-12-08 12:15:00,102.81,-0.02,2023-12-08 11:45:00,103.15,-0.03,2023-12-08 05:30:00,326
2023-12-09,100.42,-0.0,2023-12-09 21:30:00,103.92,-0.03,2023-12-09 15:45:00,104.68,-0.04,2023-12-09 15:45:00,326
2023-12-10,96.53,0.03,2023-12-10 05:00:00,101.3,-0.01,2023-12-10 02:15:00,102.63,-0.02,2023-12-10 03:00:00,326
2023-12-11,99.76,0.0,2023-12-11 17:15:00,102.19,-0.02,2023-12-11 17:15:00,102.91,-0.02,2023-12-11 17:15:00,326
2023-12-12,100.73,-0.01,2023-12-12 17:45:00,102.29,-0.02,2023-12-12 06:15:00,103.85,-0.03,2023-12-12 05:15:00,326
2023-12-13,99.97,0.0,2023-12-13 17:00:00,100.43,-0.0,2023-12-13 17:00:00,101.1,-0.01,2023-12-13 16:15:00,326
2023-12-14,100.83,-0.01,2023-12-14 05:45:00,102.67,-0.02,2023-12-14 05:00:00,103.68,-0.03,2023-12-14 15:30:00,326
2023-12-15,98.54,0.01,2023-12-15 21:00:00,101.77,-0.01,2023-12-15 05:45:00,102.27,-0.02,2023-12-15 06:15:00,326
2023-12-16,95.83,0.04,2023-12-16 18:30:00,96.63,0.03,2023-12-16 17:30:00,97.42,0.02,2023-12-16 17:30:00,326
2023-12-17,91.67,0.08,2023-12-17 04:45:00,99.51,0.0,2023-12-17 18:30:00,100.74,-0.01,2023-12-17 17:30:00,326
2023-12-18,101.01,-0.01,2023-12-18 06:15:00,102.19,-0.02,2023-12-18 05:15:00,102.33,-0.02,2023-12-18 04:30:00,326
2023-12-19,96.28,0.03,2023-12-19 16:00:00,99.67,0.0,2023-12-19 16:00:00,101.71,-0.01,2023-12-19 16:00:00,326
2023-12-20,100.35,-0.0,2023-12-20 18:00:00,101.84,-0.02,2023-12-20 06:15:00,102.22,-0.02,2023-12-20 05:15:00,326
2023-12-21,97.26,0.02,2023-12-21 06:45:00,99.18,0.01,2023-12-21 16:30:00,100.59,-0.0,2023-12-21 04:45:00,326
2023-12-22,100.21,-0.0,2023-12-22 07:30:00,101.94,-0.02,2023-12-22 07:30:00,103.58,-0.03,2023-12-22 06:45:00,326
2023-12-23,98.54,0.01,2023-12-23 06:00:00,102.69,-0.02,2023-12-23 05:00:00,103.16,-0.03,2023-12-23 05:30:00,326
2023-12-24,97.74,0.02,2023-12-24 17:30:00,100.0,0.0,2023-12-24 02:15:00,100.98,-0.01,2023-12-24 02:15:00,326
2023-12-25,70.38,0.35,2023-12-25 13:00:00,87.4,0.12,2023-12-25 13:15:00,96.26,0.03,2023-12-25 12:30:00,326
2023-12-26,99.27,0.01,2023-12-26 16:30:00,101.01,-0.01,2023-12-26 16:30:00,102.6,-0.02,2023-12-26 17:00:00,326
2023-12-27,99.17,0.01,2023-12-27 17:00:00,102.31,-0.02,2023-12-27 17:15:00,103.34,-0.03,2023-12-27 17:00:00,326
2023-12-28,96.98,0.03,2023-12-28 06:15:00,100.5,-0.0,2023-12-28 06:15:00,101.27,-0.01,2023-12-28 06:00:00,326
2023-12-29,101.88,-0.02,2023-12-29 17:15:00,104.74,-0.04,2023-12-29 17:00:00,105.9,-0.05,2023-12-29 13:00:00,326
2023-12-30,101.28,-0.01,2023-12-30 21:00:00,104.67,-0.04,2023-12-30 05:15:00,104.77,-0.04,2023-12-30 05:30:00,326
2023-12-31,98.26,0.01,2023-12-31 01:00:00,102.36,-0.02,2023-12-31 20:15:00,103.4,-0.03,2023-12-31 00:30:00,326
